5.0
1. 1.2
2. 0.0
3. 0.5
4. 0.3
5. 0.8
6. 2.6
7. 0.3
8. 0.9
9. 0.4
10. 0.3
11. 0.3
12. 0.3
13. 0.3
14. 0.7
15. 0.4
16. 0.0
17. -0.1
18. 0.6
19. 1.9
20. 0.3
21. 1.7
22. 1.0
23. 1.1
24. 0.5
25. 1.5
26. 1.0
27. 2.8
28. 1.0
29. 0.7
30. 1.0
31. 1.0
32. 2.2
33. -0.5
34. 1.3
35. 0.8
36. 2.4
37. 0.8
38. 0.4
39. 1.5
40. 1.5
41. 1.6
42. 1.1
43. 1.0
44. 1.0
45. 1.1
46. 1.0
47. 1.0
48. 1.0
49. 1.0
50. 1.0
51. 1.0
52. 1.0
53. 1.1
54. 1.1
55. 0.3
56. 1.6
57. 1.0
58. 1.9
59. 0.5
60. 1.1
61. 1.9
62. 0.8
63. 1.5
64. 0.0
65. 0.6
66. 1.0
67. 0.5
68. 1.3
69. 1.0
70. 0.8
71. 0.9
72. 0.9
73. 1.0
74. 1.0
75. 0.9
76. 0.4
77. 1.2
78. 1.0
79. 0.1
80. 1.4
81. 0.6
82. 0.7
83. 0.5
84. 1.0
85. 1.0
86. 1.0
